# id	file_path	transparent_color_r	g	b
[TEXTURES]
0	textures\SpriteMario.png	68	145	190
1	textures\SpriteMarioRight.png	68	145	190
3	textures\StartScreen.png	0	0	255
20	textures\misc.png	176	224	248
10	textures\enemies.png	3	26	110
11	textures\enemiesRight.png	3	26	110
30	textures\StatusBar.png	255	0	255
31	textures\PowerState.png	175	232	226
32	textures\BackGroundStatusBar.png	255	255	255
40	textures\Miscc.png	166	185	255
50	textures\Points.png	81	255	191
# id	left	top	right	bottom	texture_id
[SPRITES]
#################### BIG MARIO ##########################
# idle right
10001	505	93	521	120	1
# walk
10002	487	93	503	120	1
10003	469	93	485	120	1
#Slip
10004	195	92	211	120	0
#Jump
10005	433	93	449	120	1
#Bend over
10006	453	102	467	120	1
#Max speed running
10007	412	93	431	120	1
10008	386	93	405	120	1
10009	360	93	379	120	1
#Max speed Jump
10010	334	93	353	120	1
# idle left
10011	1	93	17	120	0
#walk
10012	19	93	35	120	0
10013	37	93	53	120	0
#Slip
10014	311	92	327	120	1
#Jump
10015	73	93	89	120	0
#bend over
10016	55	102	69	120	0
#Max Speed running
10017	91	93	110	120	0
10018	117	93	136	120	0
10019	143	93	162	120	0
#Max Speed Jump
10020	169	93	188	120	0
# die 
10099	307	16	323	32	0
#################  SMALL MARIO  ###########################
# idle small right
10021	507	17	519	32	1
# walk
10022	507	17	519	32	1
10023	487	16	502	32	1
#Jump
10024	469	16	485	32	1
# idle small left
10031 	3	17	15	32	0
# walk
10032	3	17	15	32	0
10033	20	16	35	32	0
#Jump
10034	37	16	52	32	0
################ RACCOON MARIO  ########################
# idle #########   RIGHT    ###########
10041	500	350	521	378	1
# walk
10042	473	350	495	378	1			
10043	446	350	469	378	1
#Jump
10044	394	350	417	378	1
#Kill
10045	99	311	122	339	1
10046	142	350	165	378	1
10047	395	315	425	343	0
10048	98	350	121	378	1
#Drop
10100	367	350	391	378	1
#Prepare Fly
10101	315	350	339	378	1
10102	289	350	313	378	1
10103	263	350	287	378	1
#Fly
10105	237	350	261	378	1
10106	211	350	235	378	1
10107	185	350	209	378	1
#Slow Drop
10110	367	346	391	378	1
10111	341	346	365	378	1
#Slip
10112	167	348	183	378	1
#bend over
10113	421	360	443	378	1
#catch idle
10115	500	384	521	412	1
#catch walking
10116	473	384	495	412	1
10117	446	384	469	412	1
#kick
10118	419	384	441	412	1
# idle #########    LEFT   #############
10051	1	350	22	378	0
#walk
10052	27	350	49	378	0
10053	53	350	76	378	0
#Jump
10054	105	350	129	378	0
#Kill
10055	395	315	425	343	0
10056	374	350	397	378	0
10057	99	311	120	339	1
10058	418	350	441	378	0
#Slow Drop
10060	157	350	179	378	0
10061	131	350	154	378	0	
#Slip
10062	339	348	355	378	0
#bend over
10063	79	360	101	378	0
#catch idle
10165	1	384	22	412	0
#catch walking
10166	27	384	49	412	0
10167	53	384	76	412	0
#kick
10168	81	384	103	412	0
#Drop
10170	131	350	154	378	0
#teleport
10171	381	350	397	378	0
####################   FIRE MARIO   #################################
#idle ###########   right   ###################
10500	507	265	521	292	1
#Walk
10501	487	265	503	292	1
10502	469	265	485	292	1
#Jump
10505	433	265	449	292	1
#Attack
10506	281	299	295	326	1
10507	299	299	313	326	1
#slip
10508	311	264	327	292	1
#bend over
10509	453	274	468	292	1
#Max speed running
10510	412	265	431	292	1
10511	386	265	405	292	1
10512	360	265	379	292	1
#Max speed Jump
10513	334	265	353	292	1
#idle ############   left    #################
10600	1	265	15	292	0
#Walk
10601	19	265	35	292	0
10602	37	265	53	292	0
#Jump
10605	73	265	89	292	0
#Attack
10606	227	299	241	326	0
10607	209	299	223	326	0
#slip
10608	195	264	211	292	0
#bend over
10609	55	274	69	292	0
#Max speed running
10610	91	265	110	292	0
10611	117	265	136	292	0
10612	143	265	162	292	0
#max speed jump
10613	169	265	188	292	0
####################     BRICK    ####################################
20001	274	188	290	204	40
20002	293	188	309	204	40
20003	312	188	328	204	40
20004	331	188	347	204	40
20005	363	301	371	310	40
####################    GOOMBA     ####################################
30001	9	11	25	27	10
30002	32	11	48	27	10
#die
30003	54	18	70	27	10
###### para goomba ############
#walking Wing
30011	164	40	184	59	11
30012	188	40	208	59	11
30013	214	35	234	59	11
30014	238	35	258	59	11
#walking no
30016	183	70	199	86	11
30017	204	70	220	86	11
#die
30020	163	77	179	86	11
#brick with question mark animation
40001	300	117	316	133	20
40002	318	117	334	133	20
40003	336	117	352	133	20
40004	355	117	370	133	20
#####################     FIRE BULLET   ###############################
50001	245	306	253	314	0
50002	255	305	263	314	0
50003	265	306	273	314	0
50004	275	306	283	314	0
#bullet explode
50005	415	19	431	35	0
50006	435	21	447	33	0
50007	453	21	465	33	0
50008	471	21	483	33	0
#####################     line        ##################################		
1	1	1	2	17	1		
######################     KOOPA Troopas Red	#########################
#walk right
60001	280	67	296	93	11
60002	261	67	277	93	11
#Shell
60005	235	75	253	91	11
#shell rotatory
60006	279	97	295	112	11
60007	258	96	274	112	11
60008	237	96	253	112	11
60009	50	96	66	112	10
#walk left
60011	28	67	44	93	10
60012	47	67	63	93	10
#shell
60015	71	75	89	91	10
#shell rotatory
60016	279	97	295	112	11
60017	50	96	66	112	10
60018	237	96	253	112	11
60019	258	96	274	112	11
#Shell tail attack
60021	293	95	311	111	10
#rotatory, prepare live
60022	271	96	287	112	10
60023	250	96	266	112	10
60024	229	95	245	111	10
60025	205	96	221	112	10
######################     KOOPA Troopas Green	#########################
#walk right
60051	277	118	293	145	11
60052	258	118	274	145	11
#Shell
60055	232	127	250	143	11
#shell rotatory
60056	276	148	292	165	11
60057	255	148	271	165	11
60058	234	148	250	165	11
60059	53	148	69	165	10
#walk left
60061	31	118	47	145	10
60062	50	118	66	145	10
#shell
60065	74	127	92	143	10
#shell rotatory
60066	276	148	292	165	11
60067	53	148	69	165	10
60068	234	148	250	165	11
60069	255	148	271	165	11
#Shell tail attack
60071	293	76	311	93	10
#rotatory, prepare live
60072	271	76	287	92	10
60073	251	76	267	92	10
60074	229	75	245	91	10
60075	206	76	222	92	10
##############     KOOPA_PARATROOPA_GREEN	############
#wing big right
60100	204	129	129	156	11
60101	182	129	198	156	11
#jump
60102	161	129	177	156	11
#wing big left
60105	105	129	121	156	10
60106	126	129	142	156	10
60107	147	129	163	156	10
###################    Fire Piranha plant #######################
#right top
61000	301	71	317	103	11
#right bot
61001	301	33	317	65	11
#left top
61002	7	71	23	103	10
#left bot
61003	7	33	23	65	10
###################    Green Piranha plant #######################
#right top
61005	302	195	318	219	11
#right bot
61006	302	166	318	190	11
#left top
61007	6	195	22	219	10
#left bot
61008	6	166	22	190	10
###################    Green Piranha plant bite #######################
61010	7	137	23	161	10
61011	7	107	23	131	10
########################    question brick    #########################
70000	157	188	173	204	40
70001	176	188	192	204	40
70002	196	188	212	204	40
70003	215	188	231	204	40
## brick without question
70004	235	188	251	204	40
################ Tube ######################
70006	345	247	377	295	40
70007	382	262	414	294	40
####################  ITEMS   ###############
#Tree_Leaf
70010	180	123	196	137	40
#money
70011	291	100	302	116	40
70012	305	100	312	116	40
70013	316	100	325	116	40
70014	334	100	348	116	40
70015	354	100	363	116	40
70016	370	100	382	116	40
#switch
70020	156	144	172	160	40
70021	178	144	194	160	40
70022	200	153	216	160	40
#Mushroom green
70025	286	121	302	137	40
#mushroom red
70026	156	121	172	137	40
#card
70030	393	328	409	344	40
70031	373	328	389	344	40
70032	353	328	369	344	40
#========STATUS BAR=============
80000	3	3	155	31	30
# Card Bar
80001	163	3	235	31	30
80002	0	0	500	500	32
#========NUMBER STATUS BAR===============
# num 0
80010	33	32	41	39	30
# num 1
80011	43	32	51	39	30
# num 2
80012	53	32	61	39	30
# num 3
80013	63	32	71	39	30
# num 4
80014	73	32	81	39	30
# num 5
80015	83	32	91	39	30
# num 6
80016	93	32	101	39	30
# num 7
80017	103	32	111	39	30
# num 8
80018	113	32	121	39	30
# num 9
80019	123	32	131	39	30
#=========POWER STATE==========
# tier0
80020	2	2	66	9	31
# tier1
80021	2	11	66	18	31
# tier2
80022	2	20	66	27	31
# tier3
80023	2	29	66	36	31
# tier4
80024	2	38	66	45	31
# tier5
80025	2	47	66	54	31
# tier6
80026	2	56	66	63	31
# tier7
80027	2	65	66	72	31
#Card
#mushroom 
80030	186	33	210	61	30
#flower
80031	210	33	234	61	30
#star
80032	234	33	258	61	30
##########         point     ##############
#100
80100	33	25	44	33	50
#200
80101	47	25	59	33	50
#400
80102	62	25	74	33	50
#800
80103	77	25	89	33	50
#1000
80104	92	25	107	33	50
#2000
80105	110	25	126	33	50
#4000
80106	129	25	145	33	50
#8000
80107	148	25	164	33	50
#1UP
80108	167	25	183	33	50
# ani_id	sprite1_id	time1	sprite2_id	time2	...
[ANIMATIONS]
1	1	100
# ==== MARIO =========
#idle BIG right
400	10001	100
#idle BIG left
401	10011	100
#idle small right
402	10021	100
#idle small left
403	10031	100
#idle raccoon right
404	10041	100
#idle raccoon left
405	10051	100
#small jump right
406	10024	100
#small jump left
407	10034	100
#walk right big
500	10001	75	10002	75	10003	75	10002	75
#walk left big
501	10011	75	10012	75	10013	75	10012	75
#walk right small
502	10023	100	10022	100
#walk left small
503	10033	100	10032	100
#walk right raccoon
504	10041	75	10042	75	10043	75	10042	75
#walk left raccoon
505	10051	75	10052	75	10053	75	10052	75
#Jump right raccoon
506	10044	1000
#Jump left raccoon
507	10054	1000
#Kill right raccoon
508	10045	100	10046	100	10047	100	10048	100	10045	100
#10047	2000	10048	1000	10045	500
#Kill left raccoon
509	10055	100	10056	100	10057	100	10058	100	10055	100
#	10057	50	10058	150	10059	50	10055	50
#Drop right raccoon
510	10100	100
#Drop left Raccoon
511	10170	100
#Prepare fly right raccoon
512	10101	100	10102	100	10103	100
#Fly	right	raccoon
514	10105	100	10106	100	10107	100
#Drop slow right
516	10110	75	10111	75
#Drop slow left
517	10060	75	10061	75
#SLIP BIG right
518	10004	100
#SLIP BIG LEFT
519	10014	100
#Jump MARIO BIG right
520	10005	100
#Jump MARIO BIG left
521	10015	100
#SLip Raccoon Right
522	10112	100
#slip raccoon left
523	10062	100
#bend over right Big
524	10006	100
bend over left Big
525	10016	100
#bend over right raccoon
526	10113	100
#bend over left raccoon
527	10063	100
#Catch idle right raccoon
528	10115	100
#Catch walking right raccoon
529	10116	100	10115	100	10117	100
#Catch idle left raccoon
530	10165	100
#Catch walking left raccoon
531	10166	100	10165	100	10167	100
#Max speed running BIG RIGHT
532	10007	100	10008	100	10009	100
#Max speed running BIG LEFT
533	10017	100	10018	100	10019	100
#Max speed jump BIG RIGHT
534	10010	100
#Max speed jump BIG LEFT
535	10020	100
#kick right RACCOON
536	10118	100
#kick left RACCOON
537	10168	100
#Teleport Raccoon
538	10171	100
################   FIRE MARIO   #################
#Idle right
1000	10500	100
#Walk
1001	10501	100	10502	100	10501	100	10500	100
#jump	
1002	10505	100
#Idle left
1003	10600	100
#Walk
1004	10601	100	10602	100	10601	100	10600	100
#jump	
1005	10605	100
#attack right
1006	10506	100	10507	100	10506	100
#attack left
1007	10606	100	10607	100	10606	100
#slip right
1008	10508	100
#slip left
1009	10608	100
#bend over right
1010	10509	100
#bend over left
1011	10609	100
#max speed running right
1012	10510	100	10511	100	10512	100
#max speed running left
1013	10610	100	10611	100	10612	100
#max speed jump right
1014	10513	100
#max speed jump left
1015	10613	100
#die
599	10099	100
# ==== BRICK =========
600	20005	100
601	20001	100	20002	100	20003	100	20004	100

# ==== QUESTION MARK BRICK =========
602	40001	1000	40001	100	40002	100	40003	100	40004	100
######## fire paranha plant
#right top
603	61000	100
#right bot
604	61001	100
#right find
605	61000	300	61001	300
#left top
606	61002	100
#left bot
607	61003	100
#left find
608	61002	300	61003	300

########### Green paraha plant
#right top
610	61005	100
#right bot
611	61006	100
#right find
612	61005	300	61006	100
#left top
613	61007	100
#left bot
614	61008	100
#left find
615	61007	300	61008	300
########### Green paraha plant bite
621	61011	100	61010	100
# ==== GOOMBA  =========
# walk
701	30001	100	30002	100
# die
702	30003	200
############    Tube ###########
703	70006	100
704	70007	100
# ==== PARA GOOMBA  =========
#walking wing big
705	30013	100	30014	100
# small
706	30011	100	30012	100
#walking nor
707	30016	100	30017	100
#die
708	30020	200
############ FIRE BULLET   #################
800	50001	100	50002	100	50003	100	50004	100
801	50005	100	50006	100	50007	100	50008	100
####################  ITEMS   ###############
#tree
810	70010	100
#money
811	70011	100	70012	100	70013	100	70014	100	70015	100	70016	100
#switch on
812	70020	100	70021	100
#switch off
813	70022	100
#money
814	70014	100
#mushroom green
815	70025	100
#mushroom red
816	70026	100
########################    KOOPA Troopas	########################  
#########   red
#walk right 
901	60001	100	60002	100
#walk left
902	60011	100	60012	100
#shell	rotatory right
903	60006	50	60007	50	60008	50	60009	50
#shell	rotatory left
904	60016	50	60017	50	60018	50	60019	50
#shell
905	60005	100
#shell tail attack
906	60024	100
#shell tail attack Rotatory
907	60022	100	60023	100	60024	100	60025	100
#shell prepare live
908	60021	100	60024	100
#########   green
#walk right 
911	60051	100	60052	100
#walk left
912	60061	100	60062	100
#shell	rotatory right
913	60056	50	60057	50	60058	50	60059	50
#shell	rotatory left
914	60066	50	60067	50	60068	50	60069	50
#shell
915	60055	100
#shell tail attack
916	60074	100
#shell tail attack Rotatory
917	60072	100	60073	100	60074	100	60075	100
#shell prepare live
918	60071	100	60074	100
###################    KOOPAS_TYPE_KOOPA_PARATROOPA_GREEN   #################### 
#right
920	60100	100	60101	100
#jump
921	60102	100
#wing big left
922	60105	100	60106	100
#jump
923	60107	100
950	70030	200	70031	200	70032	200
####################           bick question     #########################
100000	70000	100	70001	100	70002	100	70003	100
100001	70004	100
# id	ani1	ani2	ani3
#
[ANIMATION_SETS]
# MARIO
1	400	401	402	403	404	405	500	501	502	503	504	505	506	507	508	509	510	511	512	514	516	517	518	519	520	521	522	523	524	525	526	527	528	529	530	531	532	533	534	535	536	537	538	599	1000	1001	1002	1003	1004	1005	1006	1007	1008	1009	1010	1011	1012	1013	1014	1015	406	407
# BRICK 
2	601	600
# QUESTION MARK BRICK 
22	602
# GOOMBA
3	701	702	705	706	707	708
# FIRE BULLET
4	800	801
#line
6	1
#KOOPA Troopas
7	901	902	903	904	905	906	907	908	911	912	913	914	915	916	917	918	920	921	922	923
# bick question
8	100000	100001
#fire piranha plant	603	604	605	606	607	608
9	603	604	606	607	610	611	613	614	621
#Tube
10	703	704
# PARA GOOMBA
11	705	706	707	708
#Items
12	810	811	812	813	814	815	816	950
#Card
13	950
[EFFECT]
80100
[OBJECTS]
# type	x	y	ani_set_id	extra_settings per object type
# type: 0 = Mario , 1 = Brick, 2 = Goomba, 4 = fire bullets, 5 = Ground, 7 = tube, 8 = question brick
#tube portal
7	2256	112	10	64	1
7	2320	384	10	64	1
# MARIO
#Brick
#0	1940.0	350.0	1
# start
0	50.0	350.0	1
#0	1390.0	380.0	1
#0	1510.0	100.0	1
#0	678.0	361.0	1
#0	700	360	1
#May
#0	1400	128	1
#endgame
#0	2600	350	1
# GOOMBA
2	176	400	3	1
2	562	400	3	1
2	832	384	3	1
2	900	384	3	1
2	1010	360	3	2
#KOOPA Troopas
3	560	355	7	0
3	1430	290	7	2
3	1385	290	7	2
3	1340	290	7	2
3	1472	388	7	1
3	2100	350	7	0
#KOOPA_PARATROOPA
#Ground
5	0	416	1	624
5	624	400	1	464
5	1152	416	1	352
5	1536	416	1	80
5	1664	416	1	572
5	2256	416	1	558
#Items
11	176	352	12	1
11	192	352	12	1
11	224	304	12	1
11	242	304	12	6
#
1	1440	128	12	3
#
11	1952	400	12	3
11	1968	400	12	3
11	1984	400	12	3
11	2000	400	12	3
11	2016	400	12	3
11	2032	400	12	3
11	2048	400	12	3
#
11	1968	384	12	3
11	1984	384	12	3
11	2000	384	12	3
11	2016	384	12	3
11	2032	384	12	3
#
11	1984	368	12	3
11	2000	368	12	3
11	2016	368	12	3
11	2032	368	12	2
#
11	2096	400	12	3
11	2112	400	12	3
11	2096	384	12	3
#
11	1440	128	12	5
#Q brick
11	416	320	12	1
11	656	384	12	0
11	704	352	12	1
11	1472	368	12	0
#
11	1072	318	12	4
11	1104	287	12	4
11	1135	255	12	4
11	1168	233	12	4
11	2000	192	12	4
#
11	1328	78	12	4
11	1344	78	12	4
11	1360	78	12	4
#
11	1472	112	12	4
11	1489	112	12	4
#
11	1536	128	12	4
11	1552	128	12	4
11	1568	128	12	4
11	1584	128	12	4
#
11	1616	112	12	4
11	1632	112	12	4
11	1648	112	12	4
11	1664	112	12	4
#
11	1696	144	12	4
11	1728	112	12	4
11	1758	128	12	4
11	1808	96	12	4
11	1840	128	12	4
#
11	2688	335	12	7
#LINE
#1
6	240	368	6	47
#2
6	274	336	6	47
#3
6	400	368	6	79
#4
6	464	336	6	64
#5
6	512	304	6	64
#6
6	511	384	6	95
#7
6	1312	144	6	64
#8
6	1265	384	6	112
#9
6	1296	352	6	112
#10
6	1328	320	6	112
#11
6	2145	368	6	46
#12
6	2176	272	6	46
#
6	1408	192	6	64
6	1488	176	6	206
# question bick 
8	176	352	8
8	192	352	8
8	224	304	8
8	240	304	8
8	416	320	8
8	656	384	8
8	704	352	8
8	1472	368	8
8	2032	368	8
8	1440	128	8
# BRICK 
1	1440	128	2
#
1	1952	400	2
1	1968	400	2
1	1984	400	2
1	2000	400	2
1	2016	400	2
1	2032	400	2
1	2048	400	2
#
1	1968	384	2
1	1984	384	2
1	2000	384	2
1	2016	384	2
1	2032	384	2
#
1	1984	368	2
1	2000	368	2
1	2016	368	2
1	2032	368	2
#
1	2096	400	2
1	2112	400	2
1	2096	384	2
# Wooden brick
9	1504	336	8
9	1520	336	8
#
9	1568	400	8
9	1584	400	8
9	1600	400	8
9	1584	384	8
9	1600	384	8
9	1600	368	8
#
9	1664	400	8
9	1680	400	8
9	1696	400	8
9	1664	384	8
9	1680	384	8
9	1664	368	8
#
9	2256	304	8
9	2272	304	8
9	2256	368	8
9	2272	368	8
# ----- fire piranha plant, ani bullet = 4 0 = red, 1 = green------
10	360	368	9	4	0
10	1864	368	9	4	1
10	1800	385	9	4	2
#Tube
#1
7	352	368	10	48	0
#2
7	1792	385	10	32	1
#3
7	1856	368	10	48	0
#4
7	2256	112	10	192	-1
#5
7	2256	383	10	32	-1
#6
7	2320	384	10	32	-1
# ---- fire bullet	----
4	-100	0	4
# --- SCENE PORTAL ----
# type	l	t	ani_set_id	r	b	scene_id
50	2256	109	0	2287	180	2
50	2800	350	0	2810	418	0
#50	2256	145	0	2287	180	4
[GRID]
Grid/grid1-1.txt
[STATUS_BAR]
80000	80001	80010	80020	80030
[TITLEMAP]
200000	textures\tile_map.png	textures\tile_map.txt	16	6	16	16