# id	file_path	transparent_color_r	g	b
[TEXTURES]
0	textures\SpriteMario.png	68	145	190
1	textures\SpriteMarioRight.png	68	145	190
20	textures\misc.png	176	224	248
10	textures\enemies.png	3	26	110

# id	left	top	right	bottom	texture_id
[SPRITES]
#################### BIG MARIO ##########################
# idle right
10001	505	93	521	120	1
# walk
10002	487	93	503	120	1		
10003	469	93	485	120	1
#Slip
10004	195	92	211	120	0
#Jump
10005	433	93	449	120	1
# idle left
10011	1	93	17	120	0
#walk
10012	19	93	35	120	0
10013	37	93	53	120	0
#Slip
10014	311	92	327	120	1
#Jump
10015	73	93	89	120	0
# die 
10099	3	128	23	149	0
#################  SMALL MARIO  ###########################
# idle small right
10021	505	16	521	32	1
# walk
10022	487	16	503	32	1
10023	469	16	485	32	1
# idle small left
1 	1	16	17	32	0
# walk
10032	19	16	35	32	0
10033	37	16	53	32	0
################ RACCOON MARIO  ########################
# idle right
10041	497	346	521	378	1
# walk
10042	471	346	495	378	1			
10043	445	346	469	378	1
#Jump
10044	393	346	417	378	1
#Kill
10045	123	346	147	378	1
10046	149	346	165	378	1
10047	105	346	121	378	1
10048	375	346	398	378	0
10049	123	346	147	378	1
#Drop
10100	367	346	391	378	1
#Prepare Fly
10101	315	346	339	378	1
10102	289	346	313	378	1
10103	263	346	287	378	1
#Fly
10105	237	346	261	378	1
10106	211	346	235	378	1
10107	185	346	209	378	1
#Slow Drop
10110	367	346	391	378	1
10111	341	346	365	378	1
#Slip
10112	167	348	183	378	1
# idle left
10051	1	346	25	378	0
#walk
10052	27	346	51	378	0		
10053	53	346	77	378	0
#Jump
10054	105	346	129	378	0
#Kill
10055	375	346	399	378	0
10056	401	346	417	378	0
10057	375	346	399	378	0
10058	124	346	147	378	1
10059	375	346	399	378	0
#Slow Drop
10060	157	350	179	378	0
10061	131	350	154	378	0	
#Slip
10062	339	348	355	378	0
####################   FIRE MARIO   #################################
#idle right
10500	507	265	521	292	1
#Walk
10501	487	265	503	292	1
10502	469	265	485	292	1
#Jump
10505	433	265	449	292	1
#Attack
10506	281	299	295	326	1
10507	299	299	313	326	1
#idle left
10600	1	265	15	292	0
#Walk
10601	19	265	35	292	0
10602	37	265	53	292	0
#Jump
10605	73	265	89	292	0
#Attack
10606	227	299	241	326	0
10607	209	299	223	326	0
####################     BRICK    ####################################
20001	408	225	424	241	20
####################    GOOMBA     ####################################
30001	5	14	21	29	10
30002	25	14	41	29	10
##################    GROUND     ######################################
#die
30003	45	21	61	29	10
#brick with question mark animation
40001	300	117	316	133	20
40002	318	117	334	133	20
40003	336	117	352	133	20
40004	355	117	370	133	20
#####################     FIRE BULLET   ###############################
50001	245	306	253	314	0
50002	255	305	263	314	0
50003	265	306	273	314	0
50004	275	306	283	314	0
###################   line      #####################		
1	1	1	2	17	1		
# ani_id	sprite1_id	time1	sprite2_id	time2	...
[ANIMATIONS]
1	1	100
# ==== MARIO =========
#idle BIG right
400	10001	100
#idle BIG left
401	10011	100
#idle small right
402	10021	100
#idle small left
403	10031	100
#idle raccoon right
404	10041	100
#idle raccoon left
405	10051	100
#walk right big
500	10001	100	10002	100	10003	100
#walk left big
501	10011	100	10012	100	10013	100
#walk right small
502	10021	100	10022	100	10023	100
#walk left small
503	10031	100	10032	100	10033	100
#walk right raccoon
504	10041	100	10042	100	10043	100
#walk left raccoon
505	10051	100	10052	100	10053	100
#Jump right raccoon
506	10044	1000
#Jump left raccoon
507	10054	1000
#Kill right raccoon
508	10045	150	10046	50	10047	50	10048	150	10049	50	10045	50
#Kill left raccoon
509	10055	150	10056	50	10057	50	10058	150	10059	50	10055	50
#Drop right raccoon
510	10100	100
#Prepare fly right raccoon
512	10101	100	10102	100	10103	100
#Fly	right	raccoon
514	10105	100	10106	100	10107	100
#Drop slow right
516	10110	100	10111	100
#Drop slow left
517	10060	100	10061	100
#SLIP BIG right
518	10004	100
#SLIP BIG LEFT
519	10014	100
#Jump MARIO BIG right
520	10005	100
#Jump MARIO BIG left
521	10015	100
#SLip Raccoon Right
522	10112	100
#slip raccoon left
523	10062	100
################   FIRE MARIO   #################
#Idle right
1000	10500	100
#Walk
1001	10501	100	10502	100
#jump	
1002	10505	100
#Idle left
1003	10600	100
#Walk
1004	10601	100	10602	100
#jump	
1005	10605	100
#attack right
1006	10506	100	10507	100
#attack left
1007	10606	100	10607	100
################################
#die
599	10099	100


# ==== BRICK =========
601	20001	100

# ==== QUESTION MARK BRICK =========
602	40001	1000	40001	100	40002	100	40003	100	40004	100


# ==== GOOMBA  =========
# walk
701	30001	100	30002	100
# die
702	30003	100
############ FIRE BULLET   #################
800	50001	100	50002	100	50003	100	50004	100

#
# id	ani1	ani2	ani3
#
[ANIMATION_SETS]
# MARIO
1	400	401	402	403	404	405	500	501	502	503	504	505	506	507	508	509	510	512	514	516	517	518	519	520	521	522	523	599	1000	1001	1002	1003	1004	1005	1006	1007
# BRICK 
2	601
# QUESTION MARK BRICK 
22	602
# GOOMBA
3	701	702
# FIRE BULLET
4	800
#line
6	1
[OBJECTS]
# type	x	y	ani_set_id	extra_settings per object type
# type: 0 = Mario , 1 = Brick, 2 = Goomba, 4 = fire bullets, 5 = Ground
# MARIO
0	50.0	350.0f	1

# GOOMBA
2	200	416	3
#Ground
5	0	432	1
5	16	432	1
5	32	432	1
5	48	432	1
5	64	432	1
5	80	432	1
5	96	432	1
5	112	432	1
5	128	432	1
5	144	432	1
5	160	432	1
5	176	432	1
5	192	432	1
5	208	432	1
5	224	432	1
5	240	432	1
5	256	432	1
5	272	432	1
5	288	432	1
5	304	432	1
5	320	432	1
5	336	432	1
5	352	432	1
5	368	432	1
5	384	432	1
5	400	432	1
5	416	432	1
5	432	432	1
5	448	432	1
5	464	432	1
5	480	432	1
5	496	432	1
5	512	432	1
5	528	432	1
5	544	432	1
5	560	432	1
5	576	432	1
5	592	432	1
5	608	432	1
5	624	432	1
5	640	432	1
5	640	416	1
5	656	416	1
5	672	416	1
5	688	416	1
5	704	416	1
5	720	416	1
5	736	416	1
5	752	416	1
5	768	416	1
5	784	416	1
5	800	416	1
5	816	416	1
5	832	416	1
5	848	416	1
5	864	416	1
5	880	416	1
5	896	416	1
5	912	416	1
5	928	416	1
5	944	416	1
5	960	416	1
5	976	416	1
5	992	416	1
5	1008	416	1
5	1024	416	1
5	1040	416	1
5	1056	416	1
5	1072	416	1
5	1088	416	1
5	1104	416	1
5	1168	432	1
5	1184	432	1
5	1200	432	1
5	1216	432	1
5	1232	432	1
5	1248	432	1
5	1264	432	1
5	1280	432	1
5	1296	432	1
5	1312	432	1
5	1328	432	1
5	1344	432	1
5	1360	432	1
5	1376	432	1
5	1392	432	1
5	1408	432	1
5	1424	432	1
5	1440	432	1
5	1456	432	1
5	1472	432	1
5	1488	432	1
5	1504	432	1
5	1520	432	1
5	1552	432	1
5	1568	432	1
5	1584	432	1
5	1600	432	1
5	1616	432	1
5	1632	432	1
5	1680	432	1
5	1696	432	1
5	1712	432	1
5	1728	432	1
5	1744	432	1
5	1760	432	1
5	1776	432	1
5	1792	432	1
5	1808	432	1
5	1824	432	1
5	1840	432	1
5	1856	432	1
5	1872	432	1
5	1888	432	1
5	1904	432	1
5	1920	432	1
5	1936	432	1
5	1952	432	1
5	1968	432	1
5	1984	432	1
5	2000	432	1
5	2016	432	1
5	2032	432	1
5	2048	432	1
5	2064	432	1
5	2080	432	1
5	2096	432	1
5	2112	432	1
5	2128	432	1
5	2144	432	1
5	2160	432	1
5	2176	432	1
5	2192	432	1
5	2208	432	1
5	2224	432	1
5	2240	432	1
5	2256	432	1
5	2272	432	1
5	2288	432	1
5	2304	432	1
5	2320	432	1
5	2336	432	1
5	2352	432	1
5	2368	432	1
5	2384	432	1
5	2400	432	1
5	2416	432	1
5	2432	432	1
5	2448	432	1
5	2464	432	1
5	2480	432	1
5	2496	432	1
5	2512	432	1
5	2528	432	1
5	2544	432	1
5	2560	432	1
5	2576	432	1
5	2592	432	1
5	2608	432	1
5	2624	432	1
5	2640	432	1
5	2656	432	1
5	2672	432	1
5	2688	432	1
5	2704	432	1
5	2720	432	1
5	2736	432	1
5	2752	432	1
5	2768	432	1
5	2784	432	1
5	2800	432	1
5	2816	432	1
5	2832	432	1
5	368	379	1
5	384	379	1
5	368	408	1
5	384	408	1
#LINE
6	256	379	6
6	272	379	6
6	288	379	6
6	288	347	6
6	304	347	6
6	320	347	6
6	368	379	6
6	384	379	6
6	416	379	6
6	432	379	6
6	448	379	6
6	464	379	6
6	480	379	6
6	480	347	6
6	496	347	6
6	512	347	6
6	528	347	6
6	528	395	6
6	544	395	6
6	560	395	6
6	576	395	6
6	592	395	6
6	608	395	6
6	528	315	6
6	544	315	6
6	560	315	6
6	576	315	6
6	1280	395	6
6	1296	395	6
6	1312	395	6
6	1328	395	6
6	1344	395	6
6	1360	395	6
6	1376	395	6
6	1312	363	6
6	1328	363	6
6	1344	363	6
6	1360	363	6
6	1376	363	6
6	1392	363	6
6	1408	363	6
6	1344	331	6
6	1360	331	6
6	1376	331	6
6	1392	331	6
6	1408	331	6
6	1424	331	6
6	1440	331	6
6	2160	379	6
6	2176	379	6
6	2192	379	6
6	2192	283	6
6	2208	283	6
6	2224	283	6

# BRICK 
# --- platform (hint: I created the list using Excel!) ----
1	0	432	2
1	16	432	2
1	32	432	2
1	48	432	2
1	64	432	2
1	80	432	2
1	96	432	2
1	112	432	2
1	128	432	2



# ---- fire bullet	----
4	-100	0	4
# --- SCENE PORTAL ----
# type	l	t	ani_set_id	r	b	scene_id
#50	300	98	0	316	150	2
[TITLEMAP]
200000	textures\tile_map.png	textures\tile_map.txt	16	53	28	178	16	16
