[OBJECTS]
# type	x	y	ani_set_id	extra_settings per object type
# type: 0 = Mario , 1 = Brick, 2 = Goomba, 4 = fire bullets, 5 = Ground, 7 = tube, 8 = question brick
#tube
7	1936	96	10	64	1
# MARIO
# start
0	90.0	80.0	1
#Item
#0	653	94	1
#coin
#0	980	123	1
#portal
#0	1970	74	1
#
#0	1185.0	90.0	1
#Ground
5	0	112	1	156
5	1920	160	1	128
#5	1970	128	1	44
#5	1970	144	1	44
#line
6	1970	128	6	44
#Item
11	640	48	12	5
11	1232	48	12	5
#coin
11	336	64	12	4
11	352	64	12	4
11	368	64	12	4
				
11	416	32	12	4
11	432	32	12	4
11	448	32	12	4
				
11	1328	48	12	4
11	1344	48	12	4
11	1360	48	12	4
				
11	1504	32	12	4
11	1504	48	12	4
11	1504	64	12	4
11	1504	80	12	4
11	1504	96	12	4
11	1504	112	12	4
11	1504	128	12	4
11	1504	144	12	4
				
11	1888	64	12	4
11	1904	64	12	4
11	1920	64	12	4
#tree
11	960	112	12	0
#multiple coin
11	1008	112	12	8
11	1536	48	12	8
#Q brick
8	640	48	8
8	960	112	8
8	1008	112	8
8	1232	48	8
8	1536	48	8
#Brick
1	224	112	2
1	240	112	2
1	256	112	2
1	272	112	2
#
1	384	96	2
1	400	96	2
1	416	96	2
1	432	96	2
1	448	96	2
#
1	608	48	2
1	624	48	2
1	640	48	2
1	656	48	2
#
1	640	128	2
1	656	128	2
#
1	752	80	2
1	752	96	2
1	752	112	2
1	752	128	2
1	768	128	2
1	784	128	2
1	800	128	2
#
1	864	96	2
1	864	112	2
1	864	128	2
1	864	144	2
1	880	144	2
1	896	144	2
#
1	944	96	2
1	944	112	2
1	960	112	2
#
1	1008	112	2
1	1024	112	2
1	1040	112	2
1	1056	112	2
1	1072	112	2
#
1	960	160	2
1	976	160	2
1	992	160	2
1	1008	160	2
#
1	1168	144	2
1	1184	144	2
1	1200	144	2
1	1216	144	2
#
1	1184	64	2
1	1200	64	2
1	1216	64	2
1	1232	64	2
1	1232	48	2
#
1	1264	128	2
1	1280	128	2
#
1	1392	144	2
1	1408	144	2
1	1424	144	2
#
1	1536	48	2
1	1536	64	2
1	1536	128	2
1	1536	144	2
1	1536	160	2
1	1552	160	2
1	1568	160	2
1	1584	160	2
#
1	1728	48	2
1	1728	64	2
1	1728	80	2
1	1776	128	2
1	1792	128	2
1	1808	128	2
#tube
7	1936	96	10	64	-1
##KOOPA Troopas
3	1051	78	7	0
3	1982	100	7	0
3	1880	31	7	3
# ---- fire bullet	----
4	-100	0	4
###### flying wood  ######
14	400	80	14
14	592	64	14
14	562	112	14
14	624	160	14
14	751	96	14
14	1086	144	14
14	1198	80	14
14	1375	112	14
14	1408	96	14
14	1534	64	14
14	1742	144	14
14	1774	96	14
14	1792	176	14
# --- SCENE PORTAL ----
# type	l	t	ani_set_id	r	b	scene_id
50	1940	94	0	1960	140	4
#50	2800	350	0	2810	418	0
#50	2256	145	0	2287	180	4