[OBJECTS]
7	2256	112	10	64	1
7	2320	384	10	64	1
# MARIO
#Brick
#0	1940.0	350.0	1
# start
0	50.0	350.0	1
#0	1390.0	380.0	1
#0	1510.0	100.0	1
#0	678.0	361.0	1
#0	700	360	1
#May
#0	1400	128	1
#endgame
#0	2600	350	1
# GOOMBA
2	176	400	3	1
2	562	400	3	1
2	832	384	3	1
2	900	384	3	1
2	1010	360	3	2
#KOOPA Troopas
3	560	355	7	0
3	1430	290	7	2
3	1385	290	7	2
3	1340	290	7	2
3	1472	388	7	1
3	2100	350	7	0
#KOOPA_PARATROOPA
#Ground
5	0	416	1	624
5	624	400	1	464
5	1152	416	1	352
5	1536	416	1	80
5	1664	416	1	572
5	2256	416	1	558
#Items
11	176	352	12	1
11	192	352	12	1
11	224	304	12	1
11	242	304	12	6
#
1	1440	128	12	3
#
11	1952	400	12	3
11	1968	400	12	3
11	1984	400	12	3
11	2000	400	12	3
11	2016	400	12	3
11	2032	400	12	3
11	2048	400	12	3
#
11	1968	384	12	3
11	1984	384	12	3
11	2000	384	12	3
11	2016	384	12	3
11	2032	384	12	3
#
11	1984	368	12	3
11	2000	368	12	3
11	2016	368	12	3
11	2032	368	12	2
#
11	2096	400	12	3
11	2112	400	12	3
11	2096	384	12	3
#
11	1440	128	12	5
#Q brick
11	416	320	12	1
11	656	384	12	0
11	704	352	12	1
11	1472	368	12	0
#
11	1072	318	12	4
11	1104	287	12	4
11	1135	255	12	4
11	1168	233	12	4
11	2000	192	12	4
#
11	1328	78	12	4
11	1344	78	12	4
11	1360	78	12	4
#
11	1472	112	12	4
11	1489	112	12	4
#
11	1536	128	12	4
11	1552	128	12	4
11	1568	128	12	4
11	1584	128	12	4
#
11	1616	112	12	4
11	1632	112	12	4
11	1648	112	12	4
11	1664	112	12	4
#
11	1696	144	12	4
11	1728	112	12	4
11	1758	128	12	4
11	1808	96	12	4
11	1840	128	12	4
#
11	2688	335	12	7
#LINE
#1
6	240	368	6	47
#2
6	274	336	6	47
#3
6	400	368	6	79
#4
6	464	336	6	64
#5
6	512	304	6	64
#6
6	511	384	6	95
#7
6	1312	144	6	64
#8
6	1265	384	6	112
#9
6	1296	352	6	112
#10
6	1328	320	6	112
#11
6	2145	368	6	46
#12
6	2176	272	6	46
#
6	1408	192	6	64
6	1488	176	6	206
# question bick 
8	176	352	8
8	192	352	8
8	224	304	8
8	240	304	8
8	416	320	8
8	656	384	8
8	704	352	8
8	1472	368	8
8	2032	368	8
8	1440	128	8
# BRICK 
1	1440	128	2
#
1	1952	400	2
1	1968	400	2
1	1984	400	2
1	2000	400	2
1	2016	400	2
1	2032	400	2
1	2048	400	2
#
1	1968	384	2
1	1984	384	2
1	2000	384	2
1	2016	384	2
1	2032	384	2
#
1	1984	368	2
1	2000	368	2
1	2016	368	2
1	2032	368	2
#
1	2096	400	2
1	2112	400	2
1	2096	384	2
# Wooden brick
9	1504	336	8
9	1520	336	8
#
9	1568	400	8
9	1584	400	8
9	1600	400	8
9	1584	384	8
9	1600	384	8
9	1600	368	8
#
9	1664	400	8
9	1680	400	8
9	1696	400	8
9	1664	384	8
9	1680	384	8
9	1664	368	8
#
9	2256	304	8
9	2272	304	8
9	2256	368	8
9	2272	368	8
# ----- fire piranha plant, ani bullet = 4 0 = red, 1 = green------
10	360	368	9	4	0
10	1864	368	9	4	1
10	1800	385	9	4	2
#Tube
#1
7	352	368	10	48	0
#2
7	1792	385	10	32	1
#3
7	1856	368	10	48	0
#4
7	2256	112	10	192	-1
#5
7	2256	383	10	32	-1
#6
7	2320	384	10	32	-1
# ---- fire bullet	----
4	-100	0	4
# --- SCENE PORTAL ----
# type	l	t	ani_set_id	r	b	scene_id
50	2256	109	0	2287	180	2
50	2800	350	0	2810	418	0
#50	2256	145	0	2287	180	4